<?xml version="1.0"?>
<opencv_storage>
<calibration_time>"Thu Mar 25 13:24:17 2021"</calibration_time>
<nr_of_frames>16</nr_of_frames>
<image_width>800</image_width>
<image_height>600</image_height>
<board_width>9</board_width>
<board_height>6</board_height>
<square_size>24.</square_size>
<fix_aspect_ratio>1.</fix_aspect_ratio>
<!-- flags: +fix_aspectRatio +zero_tangent_dist -->
<flags>10</flags>
<fisheye_model>0</fisheye_model>
<camera_matrix type_id="opencv-matrix">
  <rows>3</rows>
  <cols>3</cols>
  <dt>d</dt>
  <data>
    7.9992501027983087e+02 0. 3.5362160005620967e+02 0.
    7.9992501027983087e+02 2.8473975094827722e+02 0. 0. 1.</data></camera_matrix>
<distortion_coefficients type_id="opencv-matrix">
  <rows>5</rows>
  <cols>1</cols>
  <dt>d</dt>
  <data>
    -2.1013467376307857e-01 4.8078236696004284e-01 0. 0.
    -5.8869945421499414e-01</data></distortion_coefficients>
<avg_reprojection_error>1.4339263202609522e+00</avg_reprojection_error>
<per_view_reprojection_errors type_id="opencv-matrix">
  <rows>16</rows>
  <cols>1</cols>
  <dt>f</dt>
  <data>
    1.98099589e+00 1.46627998e+00 2.15134072e+00 1.45730710e+00
    1.49708474e+00 1.34657049e+00 8.20383310e-01 1.02138972e+00
    1.83765912e+00 1.05128109e+00 7.68491268e-01 8.98948908e-01
    1.34719825e+00 8.03489625e-01 8.46292198e-01 2.28988695e+00</data></per_view_reprojection_errors>
<!-- a set of 6-tuples (rotation vector + translation vector) for each view -->
<extrinsic_parameters type_id="opencv-matrix">
  <rows>16</rows>
  <cols>6</cols>
  <dt>d</dt>
  <data>
    -5.4823630680513269e-01 4.2498575469439318e-02
    2.1175539297858335e-02 -7.1299564061009249e+01
    -5.1319538447393967e+01 3.4057261961084464e+02
    -6.2350173933589348e-01 3.5273889528530500e-01
    1.4679929783459258e+00 2.3409702803396364e+01
    -4.0540700523118083e+01 3.9547886788254351e+02
    2.3610700130385204e-02 8.5744125716069286e-01 3.0294419721695163e+00
    1.1067506144818023e+02 5.9264000566650076e+01 2.8470900138538116e+02
    -4.6201415874842205e-01 -5.4427263501456791e-01
    -1.5238131747488284e+00 -7.9679772991392937e+01
    8.1681348063631233e+01 2.8834849769615300e+02
    -6.9705658576884844e-01 -4.0260511874715188e-01
    -1.0184982193905838e+00 -1.1392657256054592e+02
    4.6304229435236486e+01 3.1873244745948978e+02
    -8.7490191234210302e-01 3.6390285527811339e-01
    8.5394448668920231e-01 -4.5631585503490349e+01
    -5.1071135905523333e+00 4.7816122307601375e+02
    -5.4070214821991891e-01 8.0790128314688625e-01
    1.8708223918884450e+00 7.0034808229194226e+01 2.0856224590419551e+01
    4.6281281454577561e+02 -4.0350858277498947e-01
    -9.2256782909529478e-01 -1.9471898834988661e+00
    -3.2955015281622828e+01 9.9018037971975701e+01
    2.7396430150613446e+02 -4.0941734211034564e-01
    4.6976393840127355e-02 -1.0341591389422615e+00
    -1.3753653841788378e+02 8.3742040122915824e+01
    3.9787769977800269e+02 -6.8262088374838070e-01
    1.8806879803395410e-01 8.8225244940390557e-01
    -4.1887488252241575e+01 -2.6620353034159709e+01
    4.8105139264581339e+02 -8.8838304245880156e-02
    -2.5583262941655572e-02 9.5023438985368525e-01
    -3.9363403984518698e+01 -4.5479464264038981e+01
    4.5416552048202334e+02 -1.9287704134421824e-03
    -7.9452782527375987e-01 -1.8957012685873567e+00
    -3.8872639073375012e+01 1.4189302585837979e+02
    3.6791560861107234e+02 -1.2150131647525486e-01
    1.0815685934371164e+00 2.7327619678036115e+00 1.2781937933392540e+02
    1.0684557001778559e+01 3.5068983542286196e+02 6.6458690378326635e-01
    -1.3381262519546758e-01 2.8798052933119100e+00
    8.6508225272620294e+01 5.4701924052271799e+01 3.6417549130415830e+02
    -6.9087174873853963e-01 2.6014742972146365e-01
    1.2075205051868219e+00 -3.1121079616254107e+01
    -3.4350178316943158e+01 4.8726968547578832e+02
    -5.9382808937157394e-01 -5.2616501022421069e-01
    -1.4627232240935621e+00 -3.9929635289486377e+01
    4.5404096364199681e+01 1.9564675631545430e+02</data></extrinsic_parameters>
